#FORMAT	     : EMSA/MAS Spectral Data File
#VERSION     : 1.0
#TITLE       : Cr2O3_(alpha)_O_K_Rik_Brydson_158
#DATE        : 
#TIME        : 
#OWNER       : eelsdatabase.net
#NPOINTS     : 1024
#NCOLUMNS    : 1
#XUNITS      : eV
#YUNITS      : 
#DATATYPE    : XY
#XPERCHAN    : 0.1
#OFFSET      : 5.100999e+002
#SIGNALTYPE  : ELS
#SPECTRUM    : Spectral Data Starts Here
5.100999e+002, 1.727970e+005
5.101999e+002, 1.723050e+005
5.102999e+002, 1.720000e+005
5.103999e+002, 1.731490e+005
5.104999e+002, 1.729400e+005
5.105999e+002, 1.725780e+005
5.106999e+002, 1.731460e+005
5.107999e+002, 1.729950e+005
5.108999e+002, 1.725680e+005
5.109999e+002, 1.725140e+005
5.110999e+002, 1.724210e+005
5.111999e+002, 1.725600e+005
5.112999e+002, 1.725500e+005
5.113999e+002, 1.724420e+005
5.114999e+002, 1.727180e+005
5.115999e+002, 1.729200e+005
5.116999e+002, 1.726100e+005
5.117999e+002, 1.724620e+005
5.118999e+002, 1.726820e+005
5.119999e+002, 1.721820e+005
5.120999e+002, 1.719510e+005
5.121999e+002, 1.721950e+005
5.122999e+002, 1.720590e+005
5.123999e+002, 1.715160e+005
5.124999e+002, 1.716250e+005
5.125999e+002, 1.711610e+005
5.126999e+002, 1.711060e+005
5.127999e+002, 1.705100e+005
5.128999e+002, 1.706340e+005
5.129999e+002, 1.709220e+005
5.130999e+002, 1.703130e+005
5.131999e+002, 1.701070e+005
5.132999e+002, 1.708980e+005
5.133999e+002, 1.705470e+005
5.134999e+002, 1.702020e+005
5.135999e+002, 1.697860e+005
5.136999e+002, 1.691430e+005
5.137999e+002, 1.697020e+005
5.138999e+002, 1.697330e+005
5.139999e+002, 1.696260e+005
5.140999e+002, 1.691050e+005
5.141999e+002, 1.692160e+005
5.142999e+002, 1.691070e+005
5.143999e+002, 1.693520e+005
5.144999e+002, 1.689090e+005
5.145999e+002, 1.688500e+005
5.146999e+002, 1.689450e+005
5.147999e+002, 1.687940e+005
5.148999e+002, 1.676050e+005
5.149999e+002, 1.678280e+005
5.150999e+002, 1.684180e+005
5.151999e+002, 1.680400e+005
5.152999e+002, 1.679400e+005
5.153999e+002, 1.676410e+005
5.154999e+002, 1.672240e+005
5.155999e+002, 1.667910e+005
5.156999e+002, 1.660550e+005
5.157999e+002, 1.656240e+005
5.158999e+002, 1.658340e+005
5.159999e+002, 1.650410e+005
5.160999e+002, 1.653100e+005
5.161999e+002, 1.655260e+005
5.162999e+002, 1.661050e+005
5.163999e+002, 1.655560e+005
5.164999e+002, 1.652850e+005
5.165999e+002, 1.654230e+005
5.166999e+002, 1.643820e+005
5.167999e+002, 1.646150e+005
5.168999e+002, 1.647210e+005
5.169999e+002, 1.650390e+005
5.170999e+002, 1.648650e+005
5.171999e+002, 1.643770e+005
5.172999e+002, 1.646270e+005
5.173999e+002, 1.636490e+005
5.174999e+002, 1.633250e+005
5.175999e+002, 1.632790e+005
5.176999e+002, 1.638230e+005
5.177999e+002, 1.638680e+005
5.178999e+002, 1.634370e+005
5.179999e+002, 1.636480e+005
5.180999e+002, 1.624640e+005
5.181999e+002, 1.623930e+005
5.182999e+002, 1.618420e+005
5.183999e+002, 1.619210e+005
5.184999e+002, 1.619360e+005
5.185999e+002, 1.619340e+005
5.186999e+002, 1.622900e+005
5.187999e+002, 1.621240e+005
5.188999e+002, 1.615710e+005
5.189999e+002, 1.618510e+005
5.190999e+002, 1.614560e+005
5.191999e+002, 1.604980e+005
5.192999e+002, 1.603910e+005
5.193999e+002, 1.605750e+005
5.194999e+002, 1.602140e+005
5.195999e+002, 1.603710e+005
5.196999e+002, 1.605610e+005
5.197999e+002, 1.602070e+005
5.198999e+002, 1.600020e+005
5.199999e+002, 1.596890e+005
5.200999e+002, 1.591810e+005
5.201999e+002, 1.595360e+005
5.202999e+002, 1.589290e+005
5.203999e+002, 1.584190e+005
5.204999e+002, 1.580770e+005
5.205999e+002, 1.581520e+005
5.206999e+002, 1.581050e+005
5.207999e+002, 1.582400e+005
5.208999e+002, 1.574550e+005
5.209999e+002, 1.574950e+005
5.210999e+002, 1.578570e+005
5.211999e+002, 1.578160e+005
5.212999e+002, 1.580450e+005
5.213999e+002, 1.578700e+005
5.214999e+002, 1.576680e+005
5.215999e+002, 1.574690e+005
5.216999e+002, 1.574500e+005
5.217999e+002, 1.577330e+005
5.218999e+002, 1.565650e+005
5.219999e+002, 1.565730e+005
5.220999e+002, 1.564810e+005
5.221999e+002, 1.559510e+005
5.222999e+002, 1.555960e+005
5.223999e+002, 1.552350e+005
5.224999e+002, 1.558220e+005
5.225999e+002, 1.555880e+005
5.226999e+002, 1.551510e+005
5.227999e+002, 1.546790e+005
5.228999e+002, 1.542370e+005
5.229999e+002, 1.542900e+005
5.230999e+002, 1.538170e+005
5.231999e+002, 1.533080e+005
5.232999e+002, 1.533050e+005
5.233999e+002, 1.538020e+005
5.234999e+002, 1.543120e+005
5.235999e+002, 1.541900e+005
5.236999e+002, 1.539130e+005
5.237999e+002, 1.544470e+005
5.238999e+002, 1.545040e+005
5.239999e+002, 1.536250e+005
5.240999e+002, 1.531240e+005
5.241999e+002, 1.530830e+005
5.242999e+002, 1.532060e+005
5.243999e+002, 1.529820e+005
5.244999e+002, 1.526600e+005
5.245999e+002, 1.524740e+005
5.246999e+002, 1.523380e+005
5.247999e+002, 1.520350e+005
5.248999e+002, 1.514770e+005
5.249999e+002, 1.518670e+005
5.250999e+002, 1.521180e+005
5.251999e+002, 1.520380e+005
5.252999e+002, 1.515650e+005
5.253999e+002, 1.515310e+005
5.254999e+002, 1.511910e+005
5.255999e+002, 1.503670e+005
5.256999e+002, 1.508220e+005
5.257999e+002, 1.500980e+005
5.258999e+002, 1.499850e+005
5.259999e+002, 1.499940e+005
5.260999e+002, 1.500900e+005
5.261999e+002, 1.500900e+005
5.262999e+002, 1.496080e+005
5.263999e+002, 1.493530e+005
5.264999e+002, 1.488360e+005
5.265999e+002, 1.487220e+005
5.266999e+002, 1.482780e+005
5.267999e+002, 1.479900e+005
5.268999e+002, 1.487050e+005
5.269999e+002, 1.495130e+005
5.270999e+002, 1.493790e+005
5.271999e+002, 1.492090e+005
5.272999e+002, 1.487440e+005
5.273999e+002, 1.489030e+005
5.274999e+002, 1.483260e+005
5.275999e+002, 1.484340e+005
5.276999e+002, 1.476510e+005
5.277999e+002, 1.480970e+005
5.278999e+002, 1.479750e+005
5.279999e+002, 1.478520e+005
5.280999e+002, 1.478690e+005
5.281999e+002, 1.475070e+005
5.282999e+002, 1.474750e+005
5.283999e+002, 1.472720e+005
5.284999e+002, 1.482310e+005
5.285999e+002, 1.466660e+005
5.286999e+002, 1.462020e+005
5.287999e+002, 1.471210e+005
5.288999e+002, 1.470050e+005
5.289999e+002, 1.475650e+005
5.290999e+002, 1.477110e+005
5.291999e+002, 1.479010e+005
5.292999e+002, 1.479370e+005
5.293999e+002, 1.476150e+005
5.294999e+002, 1.476180e+005
5.295999e+002, 1.478340e+005
5.296999e+002, 1.475230e+005
5.297999e+002, 1.483810e+005
5.298999e+002, 1.483130e+005
5.299999e+002, 1.490740e+005
5.300999e+002, 1.487540e+005
5.301999e+002, 1.490260e+005
5.302999e+002, 1.489690e+005
5.303999e+002, 1.491770e+005
5.304999e+002, 1.500290e+005
5.305999e+002, 1.505620e+005
5.306999e+002, 1.517060e+005
5.307999e+002, 1.523970e+005
5.308999e+002, 1.535590e+005
5.309999e+002, 1.551760e+005
5.310999e+002, 1.574610e+005
5.311999e+002, 1.597560e+005
5.312999e+002, 1.626260e+005
5.313999e+002, 1.652950e+005
5.314999e+002, 1.692450e+005
5.315999e+002, 1.738080e+005
5.316999e+002, 1.797730e+005
5.317999e+002, 1.865480e+005
5.318999e+002, 1.930690e+005
5.319999e+002, 2.012200e+005
5.320999e+002, 2.096790e+005
5.321999e+002, 2.180340e+005
5.322999e+002, 2.254840e+005
5.323999e+002, 2.322880e+005
5.324999e+002, 2.373090e+005
5.325999e+002, 2.403670e+005
5.326999e+002, 2.410830e+005
5.327999e+002, 2.413970e+005
5.328999e+002, 2.409120e+005
5.329999e+002, 2.374180e+005
5.330999e+002, 2.337610e+005
5.331999e+002, 2.296500e+005
5.332999e+002, 2.253090e+005
5.333999e+002, 2.215020e+005
5.334999e+002, 2.169150e+005
5.335999e+002, 2.128960e+005
5.336999e+002, 2.085280e+005
5.337999e+002, 2.059890e+005
5.338999e+002, 2.025090e+005
5.339999e+002, 1.997090e+005
5.340999e+002, 1.974100e+005
5.341999e+002, 1.962160e+005
5.342999e+002, 1.953650e+005
5.343999e+002, 1.945380e+005
5.344999e+002, 1.936590e+005
5.345999e+002, 1.929660e+005
5.346999e+002, 1.920640e+005
5.347999e+002, 1.917740e+005
5.348999e+002, 1.906710e+005
5.349999e+002, 1.887010e+005
5.350999e+002, 1.870780e+005
5.351999e+002, 1.852870e+005
5.352999e+002, 1.826960e+005
5.353999e+002, 1.804610e+005
5.354999e+002, 1.786520e+005
5.355999e+002, 1.765080e+005
5.356999e+002, 1.737400e+005
5.357999e+002, 1.711630e+005
5.358999e+002, 1.686710e+005
5.359999e+002, 1.670100e+005
5.360999e+002, 1.650950e+005
5.361999e+002, 1.635000e+005
5.362999e+002, 1.618370e+005
5.363999e+002, 1.603230e+005
5.364999e+002, 1.595130e+005
5.365999e+002, 1.584180e+005
5.366999e+002, 1.575980e+005
5.367999e+002, 1.572820e+005
5.368999e+002, 1.563770e+005
5.369999e+002, 1.565120e+005
5.370999e+002, 1.559080e+005
5.371999e+002, 1.559090e+005
5.372999e+002, 1.558960e+005
5.373999e+002, 1.562810e+005
5.374999e+002, 1.567770e+005
5.375999e+002, 1.568650e+005
5.376999e+002, 1.572980e+005
5.377999e+002, 1.586920e+005
5.378999e+002, 1.594180e+005
5.379999e+002, 1.595390e+005
5.380999e+002, 1.607280e+005
5.381999e+002, 1.618510e+005
5.382999e+002, 1.632010e+005
5.383999e+002, 1.645030e+005
5.384999e+002, 1.656110e+005
5.385999e+002, 1.666470e+005
5.386999e+002, 1.680260e+005
5.387999e+002, 1.697430e+005
5.388999e+002, 1.710510e+005
5.389999e+002, 1.721400e+005
5.390999e+002, 1.735650e+005
5.391999e+002, 1.752310e+005
5.392999e+002, 1.766160e+005
5.393999e+002, 1.778840e+005
5.394999e+002, 1.787430e+005
5.395999e+002, 1.797700e+005
5.396999e+002, 1.798020e+005
5.397999e+002, 1.807950e+005
5.398999e+002, 1.813950e+005
5.399999e+002, 1.815520e+005
5.400999e+002, 1.821920e+005
5.401999e+002, 1.823990e+005
5.402999e+002, 1.831340e+005
5.403999e+002, 1.833770e+005
5.404999e+002, 1.837710e+005
5.405999e+002, 1.842740e+005
5.406999e+002, 1.851630e+005
5.407999e+002, 1.857070e+005
5.408999e+002, 1.857650e+005
5.409999e+002, 1.860400e+005
5.410999e+002, 1.868300e+005
5.411999e+002, 1.876430e+005
5.412999e+002, 1.878100e+005
5.413999e+002, 1.881780e+005
5.414999e+002, 1.892110e+005
5.415999e+002, 1.893490e+005
5.416999e+002, 1.895550e+005
5.417999e+002, 1.909540e+005
5.418999e+002, 1.919460e+005
5.419999e+002, 1.924000e+005
5.420999e+002, 1.934340e+005
5.421999e+002, 1.952200e+005
5.422999e+002, 1.953710e+005
5.423999e+002, 1.959060e+005
5.424999e+002, 1.966930e+005
5.425999e+002, 1.971460e+005
5.426999e+002, 1.980320e+005
5.427999e+002, 1.990810e+005
5.428999e+002, 2.010180e+005
5.429999e+002, 2.025220e+005
5.430999e+002, 2.038310e+005
5.431999e+002, 2.049180e+005
5.432999e+002, 2.059310e+005
5.433999e+002, 2.075120e+005
5.434999e+002, 2.082750e+005
5.435999e+002, 2.096010e+005
5.436999e+002, 2.100050e+005
5.437999e+002, 2.112370e+005
5.438999e+002, 2.113470e+005
5.439999e+002, 2.112890e+005
5.440999e+002, 2.115900e+005
5.441999e+002, 2.111140e+005
5.442999e+002, 2.103850e+005
5.443999e+002, 2.099090e+005
5.444999e+002, 2.091530e+005
5.445999e+002, 2.074190e+005
5.446999e+002, 2.068350e+005
5.447999e+002, 2.057990e+005
5.448999e+002, 2.046900e+005
5.449999e+002, 2.031980e+005
5.450999e+002, 2.021830e+005
5.451999e+002, 2.014690e+005
5.452999e+002, 1.996430e+005
5.453999e+002, 1.982250e+005
5.454999e+002, 1.980430e+005
5.455999e+002, 1.964810e+005
5.456999e+002, 1.944080e+005
5.457999e+002, 1.935370e+005
5.458999e+002, 1.924220e+005
5.459999e+002, 1.915080e+005
5.460999e+002, 1.903760e+005
5.461999e+002, 1.888930e+005
5.462999e+002, 1.872860e+005
5.463999e+002, 1.861170e+005
5.464999e+002, 1.844850e+005
5.465999e+002, 1.837700e+005
5.466999e+002, 1.819560e+005
5.467999e+002, 1.812730e+005
5.468999e+002, 1.801530e+005
5.469999e+002, 1.782850e+005
5.470999e+002, 1.766760e+005
5.471999e+002, 1.752720e+005
5.472999e+002, 1.743640e+005
5.473999e+002, 1.729680e+005
5.474999e+002, 1.721390e+005
5.475999e+002, 1.708670e+005
5.476999e+002, 1.700710e+005
5.477999e+002, 1.689500e+005
5.478999e+002, 1.678860e+005
5.479999e+002, 1.664970e+005
5.480999e+002, 1.661300e+005
5.481999e+002, 1.651090e+005
5.482999e+002, 1.633030e+005
5.483999e+002, 1.628370e+005
5.484999e+002, 1.624830e+005
5.485999e+002, 1.615350e+005
5.486999e+002, 1.605190e+005
5.487999e+002, 1.600000e+005
5.488999e+002, 1.597080e+005
5.489999e+002, 1.595470e+005
5.490999e+002, 1.591100e+005
5.491999e+002, 1.590810e+005
5.492999e+002, 1.576250e+005
5.493999e+002, 1.573220e+005
5.494999e+002, 1.579000e+005
5.495999e+002, 1.574030e+005
5.496999e+002, 1.571210e+005
5.497999e+002, 1.566170e+005
5.498999e+002, 1.566520e+005
5.499999e+002, 1.573850e+005
5.500999e+002, 1.568770e+005
5.501999e+002, 1.569420e+005
5.502999e+002, 1.566520e+005
5.503999e+002, 1.568210e+005
5.504999e+002, 1.575630e+005
5.505999e+002, 1.578640e+005
5.506999e+002, 1.577270e+005
5.507999e+002, 1.573880e+005
5.508999e+002, 1.576880e+005
5.509999e+002, 1.581360e+005
5.510999e+002, 1.581490e+005
5.511999e+002, 1.591230e+005
5.512999e+002, 1.595080e+005
5.513999e+002, 1.591460e+005
5.514999e+002, 1.592110e+005
5.515999e+002, 1.591450e+005
5.516999e+002, 1.592550e+005
5.517999e+002, 1.595230e+005
5.518999e+002, 1.600770e+005
5.519999e+002, 1.600490e+005
5.520999e+002, 1.597290e+005
5.521999e+002, 1.601080e+005
5.522999e+002, 1.598720e+005
5.523999e+002, 1.600390e+005
5.524999e+002, 1.597670e+005
5.525999e+002, 1.597190e+005
5.526999e+002, 1.600460e+005
5.527999e+002, 1.604630e+005
5.528999e+002, 1.601020e+005
5.529999e+002, 1.591610e+005
5.530999e+002, 1.593670e+005
5.531999e+002, 1.594070e+005
5.532999e+002, 1.591640e+005
5.533999e+002, 1.592870e+005
5.534999e+002, 1.588840e+005
5.535999e+002, 1.593090e+005
5.536999e+002, 1.593830e+005
5.537999e+002, 1.594790e+005
5.538999e+002, 1.596630e+005
5.539999e+002, 1.590570e+005
5.540999e+002, 1.592250e+005
5.541999e+002, 1.595260e+005
5.542999e+002, 1.598530e+005
5.543999e+002, 1.594320e+005
5.544999e+002, 1.597090e+005
5.545999e+002, 1.605730e+005
5.546999e+002, 1.606090e+005
5.547999e+002, 1.603500e+005
5.548999e+002, 1.601160e+005
5.549999e+002, 1.606040e+005
5.550999e+002, 1.606250e+005
5.551999e+002, 1.607560e+005
5.552999e+002, 1.606690e+005
5.553999e+002, 1.612900e+005
5.554999e+002, 1.608390e+005
5.555999e+002, 1.611140e+005
5.556999e+002, 1.617610e+005
5.557999e+002, 1.620120e+005
5.558999e+002, 1.617740e+005
5.559999e+002, 1.619780e+005
5.560999e+002, 1.617790e+005
5.561999e+002, 1.617230e+005
5.562999e+002, 1.625110e+005
5.563999e+002, 1.623300e+005
5.564999e+002, 1.616220e+005
5.565999e+002, 1.615960e+005
5.566999e+002, 1.620280e+005
5.567999e+002, 1.622290e+005
5.568999e+002, 1.620300e+005
5.569999e+002, 1.625680e+005
5.570999e+002, 1.626700e+005
5.571999e+002, 1.624840e+005
5.572999e+002, 1.627540e+005
5.573999e+002, 1.627150e+005
5.574999e+002, 1.623000e+005
5.575999e+002, 1.626490e+005
5.576999e+002, 1.628390e+005
5.577999e+002, 1.630120e+005
5.578999e+002, 1.628590e+005
5.579999e+002, 1.626030e+005
5.580999e+002, 1.630980e+005
5.581999e+002, 1.626730e+005
5.582999e+002, 1.634190e+005
5.583999e+002, 1.628730e+005
5.584999e+002, 1.629260e+005
5.585999e+002, 1.624790e+005
5.586999e+002, 1.619040e+005
5.587999e+002, 1.625000e+005
5.588999e+002, 1.619710e+005
5.589999e+002, 1.617200e+005
5.590999e+002, 1.621180e+005
5.591999e+002, 1.620290e+005
5.592999e+002, 1.618960e+005
5.593999e+002, 1.625920e+005
5.594999e+002, 1.623350e+005
5.595999e+002, 1.620990e+005
5.596999e+002, 1.620340e+005
5.597999e+002, 1.617060e+005
5.598999e+002, 1.627890e+005
5.599999e+002, 1.637160e+005
5.600999e+002, 1.636970e+005
5.601999e+002, 1.639450e+005
5.602999e+002, 1.642190e+005
5.603999e+002, 1.645810e+005
5.604999e+002, 1.649580e+005
5.605999e+002, 1.649480e+005
5.606999e+002, 1.651240e+005
5.607999e+002, 1.648940e+005
5.608999e+002, 1.642530e+005
5.609999e+002, 1.643570e+005
5.610999e+002, 1.647190e+005
5.611999e+002, 1.650500e+005
5.612999e+002, 1.645960e+005
5.613999e+002, 1.656130e+005
5.614999e+002, 1.650440e+005
5.615999e+002, 1.650110e+005
5.616999e+002, 1.650950e+005
5.617999e+002, 1.651370e+005
5.618999e+002, 1.658910e+005
5.619999e+002, 1.654860e+005
5.620999e+002, 1.658040e+005
5.621999e+002, 1.662530e+005
5.622999e+002, 1.664950e+005
5.623999e+002, 1.670490e+005
5.624999e+002, 1.663210e+005
5.625999e+002, 1.665090e+005
5.626999e+002, 1.670570e+005
5.627999e+002, 1.668710e+005
5.628999e+002, 1.666430e+005
5.629999e+002, 1.665660e+005
5.630999e+002, 1.667030e+005
5.631999e+002, 1.672260e+005
5.632999e+002, 1.675160e+005
5.633999e+002, 1.680370e+005
5.634999e+002, 1.674370e+005
5.635999e+002, 1.679230e+005
5.636999e+002, 1.682840e+005
5.637999e+002, 1.679150e+005
5.638999e+002, 1.682310e+005
5.639999e+002, 1.682780e+005
5.640999e+002, 1.683160e+005
5.641999e+002, 1.689020e+005
5.642999e+002, 1.692480e+005
5.643999e+002, 1.696720e+005
5.644999e+002, 1.694540e+005
5.645999e+002, 1.697260e+005
5.646999e+002, 1.697040e+005
5.647999e+002, 1.692050e+005
5.648999e+002, 1.695060e+005
5.649999e+002, 1.699280e+005
5.650999e+002, 1.699130e+005
5.651999e+002, 1.701920e+005
5.652999e+002, 1.708610e+005
5.653999e+002, 1.711170e+005
5.654999e+002, 1.710950e+005
5.655999e+002, 1.720180e+005
5.656999e+002, 1.723030e+005
5.657999e+002, 1.724080e+005
5.658999e+002, 1.720910e+005
5.659999e+002, 1.719110e+005
5.660999e+002, 1.724370e+005
5.661999e+002, 1.721410e+005
5.662999e+002, 1.723630e+005
5.663999e+002, 1.726910e+005
5.664999e+002, 1.731310e+005
5.665999e+002, 1.727700e+005
5.666999e+002, 1.726160e+005
5.667999e+002, 1.730900e+005
5.668999e+002, 1.737550e+005
5.669999e+002, 1.733070e+005
5.670999e+002, 1.740610e+005
5.671999e+002, 1.739320e+005
5.672999e+002, 1.738220e+005
5.673999e+002, 1.741270e+005
5.674999e+002, 1.743540e+005
5.675999e+002, 1.746650e+005
5.676999e+002, 1.743120e+005
5.677999e+002, 1.744950e+005
5.678999e+002, 1.751300e+005
5.679999e+002, 1.758690e+005
5.680999e+002, 1.748640e+005
5.681999e+002, 1.750090e+005
5.682999e+002, 1.749520e+005
5.683999e+002, 1.748440e+005
5.684999e+002, 1.754190e+005
5.685999e+002, 1.755660e+005
5.686999e+002, 1.754780e+005
5.687999e+002, 1.758820e+005
5.688999e+002, 1.757690e+005
5.689999e+002, 1.751820e+005
5.690999e+002, 1.751450e+005
5.691999e+002, 1.756050e+005
5.692999e+002, 1.760270e+005
5.693999e+002, 1.754840e+005
5.694999e+002, 1.752530e+005
5.695999e+002, 1.757390e+005
5.696999e+002, 1.756940e+005
5.697999e+002, 1.751790e+005
5.698999e+002, 1.755160e+005
5.699999e+002, 1.749510e+005
5.700999e+002, 1.755140e+005
5.701999e+002, 1.747450e+005
5.702999e+002, 1.741220e+005
5.703999e+002, 1.747810e+005
5.704999e+002, 1.745230e+005
5.705999e+002, 1.745070e+005
5.706999e+002, 1.742750e+005
5.707999e+002, 1.745350e+005
5.708999e+002, 1.743750e+005
5.709999e+002, 1.743410e+005
5.710999e+002, 1.741530e+005
5.711999e+002, 1.738220e+005
5.712999e+002, 1.736190e+005
5.713999e+002, 1.732970e+005
5.714999e+002, 1.731710e+005
5.715999e+002, 1.734790e+005
5.716999e+002, 1.728360e+005
5.717999e+002, 1.728640e+005
5.718999e+002, 1.727450e+005
5.719999e+002, 1.725190e+005
5.720999e+002, 1.724210e+005
5.721999e+002, 1.723840e+005
5.722999e+002, 1.721330e+005
5.723999e+002, 1.711560e+005
5.724999e+002, 1.708230e+005
5.725999e+002, 1.705080e+005
5.726999e+002, 1.708640e+005
5.727999e+002, 1.703160e+005
5.728999e+002, 1.706030e+005
5.729999e+002, 1.706050e+005
5.730999e+002, 1.703660e+005
5.731999e+002, 1.701590e+005
5.732999e+002, 1.702240e+005
5.733999e+002, 1.705750e+005
5.734999e+002, 1.704810e+005
5.735999e+002, 1.703180e+005
5.736999e+002, 1.697420e+005
5.737999e+002, 1.699170e+005
5.738999e+002, 1.703270e+005
5.739999e+002, 1.708370e+005
5.740999e+002, 1.709990e+005
5.741999e+002, 1.708600e+005
5.742999e+002, 1.714060e+005
5.743999e+002, 1.713100e+005
5.744999e+002, 1.721490e+005
5.745999e+002, 1.726900e+005
5.746999e+002, 1.732300e+005
5.747999e+002, 1.738770e+005
5.748999e+002, 1.744610e+005
5.749999e+002, 1.760780e+005
5.750999e+002, 1.768740e+005
5.751999e+002, 1.782500e+005
5.752999e+002, 1.804760e+005
5.753999e+002, 1.827510e+005
5.754999e+002, 1.851500e+005
5.755999e+002, 1.876320e+005
5.756999e+002, 1.912560e+005
5.757999e+002, 1.952200e+005
5.758999e+002, 1.994590e+005
5.759999e+002, 2.050790e+005
5.760999e+002, 2.125040e+005
5.761999e+002, 2.198420e+005
5.762999e+002, 2.284120e+005
5.763999e+002, 2.383520e+005
5.764999e+002, 2.493020e+005
5.765999e+002, 2.610730e+005
5.766999e+002, 2.726740e+005
5.767999e+002, 2.851440e+005
5.768999e+002, 2.969040e+005
5.769999e+002, 3.085110e+005
5.770999e+002, 3.185470e+005
5.771999e+002, 3.297250e+005
5.772999e+002, 3.402060e+005
5.773999e+002, 3.507040e+005
5.774999e+002, 3.611010e+005
5.775999e+002, 3.698510e+005
5.776999e+002, 3.768420e+005
5.777999e+002, 3.849430e+005
5.778999e+002, 3.929190e+005
5.779999e+002, 4.022800e+005
5.780999e+002, 4.124120e+005
5.781999e+002, 4.251630e+005
5.782999e+002, 4.389870e+005
5.783999e+002, 4.547900e+005
5.784999e+002, 4.693170e+005
5.785999e+002, 4.834640e+005
5.786999e+002, 4.938270e+005
5.787999e+002, 5.027180e+005
5.788999e+002, 5.076200e+005
5.789999e+002, 5.088640e+005
5.790999e+002, 5.072190e+005
5.791999e+002, 5.039840e+005
5.792999e+002, 5.000990e+005
5.793999e+002, 4.940710e+005
5.794999e+002, 4.894690e+005
5.795999e+002, 4.815070e+005
5.796999e+002, 4.744400e+005
5.797999e+002, 4.670950e+005
5.798999e+002, 4.588970e+005
5.799999e+002, 4.495910e+005
5.800999e+002, 4.388810e+005
5.801999e+002, 4.289170e+005
5.802999e+002, 4.185470e+005
5.803999e+002, 4.066650e+005
5.804999e+002, 3.960810e+005
5.805999e+002, 3.848370e+005
5.806999e+002, 3.732350e+005
5.807999e+002, 3.633930e+005
5.808999e+002, 3.521840e+005
5.809999e+002, 3.421140e+005
5.810999e+002, 3.326040e+005
5.811999e+002, 3.249830e+005
5.812999e+002, 3.161990e+005
5.813999e+002, 3.094120e+005
5.814999e+002, 3.029090e+005
5.815999e+002, 2.963840e+005
5.816999e+002, 2.903610e+005
5.817999e+002, 2.847830e+005
5.818999e+002, 2.786790e+005
5.819999e+002, 2.735860e+005
5.820999e+002, 2.684420e+005
5.821999e+002, 2.644890e+005
5.822999e+002, 2.605190e+005
5.823999e+002, 2.564900e+005
5.824999e+002, 2.531780e+005
5.825999e+002, 2.500180e+005
5.826999e+002, 2.473720e+005
5.827999e+002, 2.445860e+005
5.828999e+002, 2.429210e+005
5.829999e+002, 2.411260e+005
5.830999e+002, 2.391630e+005
5.831999e+002, 2.364660e+005
5.832999e+002, 2.343550e+005
5.833999e+002, 2.336860e+005
5.834999e+002, 2.325990e+005
5.835999e+002, 2.315600e+005
5.836999e+002, 2.306180e+005
5.837999e+002, 2.301870e+005
5.838999e+002, 2.295320e+005
5.839999e+002, 2.293060e+005
5.840999e+002, 2.292670e+005
5.841999e+002, 2.299850e+005
5.842999e+002, 2.305080e+005
5.843999e+002, 2.319700e+005
5.844999e+002, 2.338760e+005
5.845999e+002, 2.361680e+005
5.846999e+002, 2.388460e+005
5.847999e+002, 2.418650e+005
5.848999e+002, 2.451450e+005
5.849999e+002, 2.500550e+005
5.850999e+002, 2.549810e+005
5.851999e+002, 2.603120e+005
5.852999e+002, 2.666040e+005
5.853999e+002, 2.728120e+005
5.854999e+002, 2.785100e+005
5.855999e+002, 2.859850e+005
5.856999e+002, 2.941000e+005
5.857999e+002, 3.026320e+005
5.858999e+002, 3.105230e+005
5.859999e+002, 3.183950e+005
5.860999e+002, 3.276740e+005
5.861999e+002, 3.364410e+005
5.862999e+002, 3.444640e+005
5.863999e+002, 3.527550e+005
5.864999e+002, 3.601890e+005
5.865999e+002, 3.679040e+005
5.866999e+002, 3.741530e+005
5.867999e+002, 3.805120e+005
5.868999e+002, 3.854020e+005
5.869999e+002, 3.888430e+005
5.870999e+002, 3.920570e+005
5.871999e+002, 3.926840e+005
5.872999e+002, 3.927110e+005
5.873999e+002, 3.924360e+005
5.874999e+002, 3.911660e+005
5.875999e+002, 3.905950e+005
5.876999e+002, 3.886050e+005
5.877999e+002, 3.870400e+005
5.878999e+002, 3.870720e+005
5.879999e+002, 3.852380e+005
5.880999e+002, 3.839140e+005
5.881999e+002, 3.813150e+005
5.882999e+002, 3.799660e+005
5.883999e+002, 3.777800e+005
5.884999e+002, 3.773430e+005
5.885999e+002, 3.752100e+005
5.886999e+002, 3.720970e+005
5.887999e+002, 3.675740e+005
5.888999e+002, 3.637090e+005
5.889999e+002, 3.589300e+005
5.890999e+002, 3.538940e+005
5.891999e+002, 3.487700e+005
5.892999e+002, 3.429430e+005
5.893999e+002, 3.366860e+005
5.894999e+002, 3.296120e+005
5.895999e+002, 3.235330e+005
5.896999e+002, 3.171400e+005
5.897999e+002, 3.102950e+005
5.898999e+002, 3.044270e+005
5.899999e+002, 3.009610e+005
5.900999e+002, 2.955920e+005
5.901999e+002, 2.921970e+005
5.902999e+002, 2.884990e+005
5.903999e+002, 2.839510e+005
5.904999e+002, 2.811610e+005
5.905999e+002, 2.779340e+005
5.906999e+002, 2.745870e+005
5.907999e+002, 2.722290e+005
5.908999e+002, 2.693850e+005
5.909999e+002, 2.672560e+005
5.910999e+002, 2.647290e+005
5.911999e+002, 2.623640e+005
5.912999e+002, 2.602790e+005
5.913999e+002, 2.587720e+005
5.914999e+002, 2.573500e+005
5.915999e+002, 2.551490e+005
5.916999e+002, 2.536310e+005
5.917999e+002, 2.523450e+005
5.918999e+002, 2.514860e+005
5.919999e+002, 2.498520e+005
5.920999e+002, 2.490450e+005
5.921999e+002, 2.480990e+005
5.922999e+002, 2.465820e+005
5.923999e+002, 2.457220e+005
5.924999e+002, 2.449030e+005
5.925999e+002, 2.435660e+005
5.926999e+002, 2.433140e+005
5.927999e+002, 2.425320e+005
5.928999e+002, 2.422210e+005
5.929999e+002, 2.415820e+005
5.930999e+002, 2.408040e+005
5.931999e+002, 2.399190e+005
5.932999e+002, 2.395130e+005
5.933999e+002, 2.394230e+005
5.934999e+002, 2.394790e+005
5.935999e+002, 2.388390e+005
5.936999e+002, 2.391730e+005
5.937999e+002, 2.386520e+005
5.938999e+002, 2.383030e+005
5.939999e+002, 2.371610e+005
5.940999e+002, 2.366500e+005
5.941999e+002, 2.366330e+005
5.942999e+002, 2.365760e+005
5.943999e+002, 2.363270e+005
5.944999e+002, 2.362060e+005
5.945999e+002, 2.365490e+005
5.946999e+002, 2.363960e+005
5.947999e+002, 2.366130e+005
5.948999e+002, 2.365390e+005
5.949999e+002, 2.369450e+005
5.950999e+002, 2.374760e+005
5.951999e+002, 2.370990e+005
5.952999e+002, 2.367160e+005
5.953999e+002, 2.367570e+005
5.954999e+002, 2.373630e+005
5.955999e+002, 2.373800e+005
5.956999e+002, 2.379110e+005
5.957999e+002, 2.376730e+005
5.958999e+002, 2.381380e+005
5.959999e+002, 2.389670e+005
5.960999e+002, 2.394950e+005
5.961999e+002, 2.390050e+005
5.962999e+002, 2.392810e+005
5.963999e+002, 2.399850e+005
5.964999e+002, 2.405260e+005
5.965999e+002, 2.403920e+005
5.966999e+002, 2.399100e+005
5.967999e+002, 2.400300e+005
5.968999e+002, 2.408280e+005
5.969999e+002, 2.415510e+005
5.970999e+002, 2.419070e+005
5.971999e+002, 2.422560e+005
5.972999e+002, 2.418290e+005
5.973999e+002, 2.419640e+005
5.974999e+002, 2.422690e+005
5.975999e+002, 2.427390e+005
5.976999e+002, 2.430190e+005
5.977999e+002, 2.429560e+005
5.978999e+002, 2.436260e+005
5.979999e+002, 2.434030e+005
5.980999e+002, 2.429240e+005
5.981999e+002, 2.437570e+005
5.982999e+002, 2.447020e+005
5.983999e+002, 2.449750e+005
5.984999e+002, 2.450150e+005
5.985999e+002, 2.443970e+005
5.986999e+002, 2.441260e+005
5.987999e+002, 2.451280e+005
5.988999e+002, 2.449200e+005
5.989999e+002, 2.450870e+005
5.990999e+002, 2.455230e+005
5.991999e+002, 2.465710e+005
5.992999e+002, 2.461280e+005
5.993999e+002, 2.461970e+005
5.994999e+002, 2.465970e+005
5.995999e+002, 2.467000e+005
5.996999e+002, 2.475290e+005
5.997999e+002, 2.474870e+005
5.998999e+002, 2.479950e+005
5.999999e+002, 2.478220e+005
6.000999e+002, 2.482960e+005
6.001999e+002, 2.477510e+005
6.002999e+002, 2.481690e+005
6.003999e+002, 2.484950e+005
6.004999e+002, 2.490660e+005
6.005999e+002, 2.492940e+005
6.006999e+002, 2.501300e+005
6.007999e+002, 2.502440e+005
6.008999e+002, 2.504880e+005
6.009999e+002, 2.506430e+005
6.010999e+002, 2.511790e+005
6.011999e+002, 2.514380e+005
6.012999e+002, 2.519460e+005
6.013999e+002, 2.515220e+005
6.014999e+002, 2.522320e+005
6.015999e+002, 2.528310e+005
6.016999e+002, 2.534730e+005
6.017999e+002, 2.537860e+005
6.018999e+002, 2.545130e+005
6.019999e+002, 2.547330e+005
6.020999e+002, 2.548280e+005
6.021999e+002, 2.550690e+005
6.022999e+002, 2.550780e+005
6.023999e+002, 2.557720e+005
6.024999e+002, 2.557950e+005
6.025999e+002, 2.563240e+005
6.026999e+002, 2.568660e+005
6.027999e+002, 2.573930e+005
6.028999e+002, 2.588750e+005
6.029999e+002, 2.586420e+005
6.030999e+002, 2.600580e+005
6.031999e+002, 2.599340e+005
6.032999e+002, 2.604570e+005
6.033999e+002, 2.605060e+005
6.034999e+002, 2.618130e+005
6.035999e+002, 2.635220e+005
6.036999e+002, 2.642610e+005
6.037999e+002, 2.647060e+005
6.038999e+002, 2.667990e+005
6.039999e+002, 2.672430e+005
6.040999e+002, 2.675560e+005
6.041999e+002, 2.688210e+005
6.042999e+002, 2.699150e+005
6.043999e+002, 2.696460e+005
6.044999e+002, 2.695410e+005
6.045999e+002, 2.694980e+005
6.046999e+002, 2.695140e+005
6.047999e+002, 2.689230e+005
6.048999e+002, 2.680780e+005
6.049999e+002, 2.676920e+005
6.050999e+002, 2.679970e+005
6.051999e+002, 2.689260e+005
6.052999e+002, 2.705940e+005
6.053999e+002, 2.701110e+005
6.054999e+002, 2.710540e+005
6.055999e+002, 2.702360e+005
6.056999e+002, 2.705510e+005
6.057999e+002, 2.711580e+005
6.058999e+002, 2.707760e+005
6.059999e+002, 2.705930e+005
6.060999e+002, 2.707620e+005
6.061999e+002, 2.712550e+005
6.062999e+002, 2.711850e+005
6.063999e+002, 2.720620e+005
6.064999e+002, 2.721750e+005
6.065999e+002, 2.732620e+005
6.066999e+002, 2.739420e+005
6.067999e+002, 2.735330e+005
6.068999e+002, 2.733200e+005
6.069999e+002, 2.727310e+005
6.070999e+002, 2.723430e+005
6.071999e+002, 2.713830e+005
6.072999e+002, 2.718350e+005
6.073999e+002, 2.720620e+005
6.074999e+002, 2.716730e+005
6.075999e+002, 2.724340e+005
6.076999e+002, 2.717130e+005
6.077999e+002, 2.718030e+005
6.078999e+002, 2.727010e+005
6.079999e+002, 2.728480e+005
6.080999e+002, 2.727500e+005
6.081999e+002, 2.718700e+005
6.082999e+002, 2.722960e+005
6.083999e+002, 2.716590e+005
6.084999e+002, 2.715830e+005
6.085999e+002, 2.713670e+005
6.086999e+002, 2.714260e+005
6.087999e+002, 2.720300e+005
6.088999e+002, 2.720940e+005
6.089999e+002, 2.713880e+005
6.090999e+002, 2.715890e+005
6.091999e+002, 2.716660e+005
6.092999e+002, 2.722340e+005
6.093999e+002, 2.715900e+005
6.094999e+002, 2.717760e+005
6.095999e+002, 2.720900e+005
6.096999e+002, 2.722490e+005
6.097999e+002, 2.711430e+005
6.098999e+002, 2.716200e+005
6.099999e+002, 2.711870e+005
6.100999e+002, 2.714190e+005
6.101999e+002, 2.714900e+005
6.102999e+002, 2.712730e+005
6.103999e+002, 2.709210e+005
6.104999e+002, 2.718350e+005
6.105999e+002, 2.721260e+005
6.106999e+002, 2.721130e+005
6.107999e+002, 2.723220e+005
6.108999e+002, 2.719750e+005
6.109999e+002, 2.719010e+005
6.110999e+002, 2.717630e+005
6.111999e+002, 2.710220e+005
6.112999e+002, 2.708460e+005
6.113999e+002, 2.710150e+005
6.114999e+002, 2.711740e+005
6.115999e+002, 2.715680e+005
6.116999e+002, 2.715020e+005
6.117999e+002, 2.715930e+005
6.118999e+002, 2.717570e+005
6.119999e+002, 2.716000e+005
6.120999e+002, 2.718110e+005
6.121999e+002, 2.717680e+005
6.122999e+002, 2.705690e+005
6.123999e+002, 2.706160e+005
#ENDOFDATA   : End Of Data and File
