#FORMAT	     : EMSA/MAS Spectral Data File
#VERSION     : 1.0
#TITLE       : Co_Co_L3_dominique_IMHOFF_237
#DATE        : 
#TIME        : 
#OWNER       : eelsdatabase.net
#NPOINTS     : 232
#NCOLUMNS    : 1
#XUNITS      : eV
#YUNITS      : 
#DATATYPE    : XY
#XPERCHAN    : 0.202271
#OFFSET      : 769.695190
#SIGNALTYPE  : ELS
#SPECTRUM    : Spectral Data Starts Here
769.695190, 42.890453
769.897461, 27.591507
770.099731, 1.977609
770.302002, 3.034295
770.504272, -47.763229
770.706543, -1.694285
770.908813, -30.210749
771.111084, -3.556815
771.313354, -20.378069
771.515625, 29.479521
771.717896, 26.465921
771.920166, 51.825031
772.122437, 107.012024
772.324707, -2.488247
772.526978, -10.892311
772.729248, 9.262770
772.931519, 65.131340
773.133789, 58.148502
773.336060, 64.130173
773.538330, 51.390087
773.740601, 111.614998
773.942871, 110.289757
774.145142, 120.797882
774.347412, 87.234810
774.549683, 127.975578
774.751953, 152.222855
774.954224, 135.886398
775.156494, 155.207367
775.358765, 178.466797
775.561035, 227.078156
775.763306, 269.065582
775.965576, 248.940918
776.167847, 281.171478
776.370117, 326.343750
776.572388, 305.484070
776.774658, 296.946411
776.976929, 444.309753
777.179199, 503.961456
777.381470, 448.341888
777.583740, 492.126190
777.786011, 588.704651
777.988281, 701.244751
778.190552, 666.195557
778.392822, 756.302673
778.595093, 880.452759
778.797363, 1014.299072
778.999634, 1171.557983
779.201904, 1371.168701
779.404175, 1732.353027
779.606445, 2108.097656
779.808716, 2674.166992
780.010986, 3481.882812
780.213257, 4440.192871
780.415527, 5991.229004
780.617798, 8217.552734
780.820068, 11013.678711
781.022339, 13894.561523
781.224609, 16425.042969
781.426880, 18130.029297
781.629150, 18678.902344
781.831421, 18273.425781
782.033691, 17331.566406
782.235962, 16191.868164
782.438232, 14984.622070
782.640503, 13772.161133
782.842773, 12654.957031
783.045044, 11593.428711
783.247314, 10824.717773
783.449585, 9980.029297
783.651855, 9455.135742
783.854126, 8964.814453
784.056396, 8415.531250
784.258667, 7936.596191
784.460938, 7554.308594
784.663208, 7341.620605
784.865479, 7021.662109
785.067749, 6753.729492
785.270020, 6516.180664
785.472290, 6221.664062
785.674561, 5890.394531
785.876831, 5583.291992
786.079102, 5370.497070
786.281372, 5195.872559
786.483643, 5059.593750
786.685913, 4949.364258
786.888184, 4838.293945
787.090454, 4745.617676
787.292725, 4672.901367
787.494995, 4559.394531
787.697266, 4452.440918
787.899536, 4430.198730
788.101807, 4394.204102
788.304077, 4382.064453
788.506348, 4240.195312
788.708618, 4228.817871
788.910889, 4109.792480
789.113159, 4150.446777
789.315430, 4090.681152
789.517700, 4056.223145
789.719971, 4001.061279
789.922241, 3963.320068
790.124512, 3882.383057
790.326782, 3889.594238
790.529053, 3871.632324
790.731323, 3833.582520
790.933594, 3864.408936
791.135864, 3833.353516
791.338135, 3790.175293
791.540405, 3724.606934
791.742676, 3747.883789
791.944946, 3694.831055
792.147217, 3729.377686
792.349487, 3696.649902
792.551758, 3688.373535
792.754028, 3665.977295
792.956299, 3648.239746
793.158569, 3700.061523
793.360840, 3718.070312
793.563110, 3845.022217
793.765381, 3842.856934
793.967651, 3915.652588
794.169922, 4025.840332
794.372192, 4234.646973
794.574463, 4393.415527
794.776733, 4574.708008
794.979004, 4969.979980
795.181274, 5371.086914
795.383545, 5936.528320
795.585815, 6561.377441
795.788086, 7241.141113
795.990356, 7813.173340
796.192627, 8309.786133
796.394897, 8605.706055
796.597168, 8690.042969
796.799438, 8640.872070
797.001709, 8531.573242
797.203979, 8308.337891
797.406250, 8142.785645
797.608521, 7937.504395
797.810791, 7728.819336
798.013062, 7492.481934
798.215332, 7231.657227
798.417603, 7024.731934
798.619873, 6847.064941
798.822144, 6680.054199
799.024414, 6493.260254
799.226685, 6341.062988
799.428955, 6267.250000
799.631226, 6105.928223
799.833496, 6009.245605
800.035767, 5914.284180
800.238037, 5723.223145
800.440308, 5669.071777
800.642578, 5626.437012
800.844849, 5552.529785
801.047119, 5448.865234
801.249390, 5408.897949
801.451660, 5309.920898
801.653931, 5338.534180
801.856201, 5284.655762
802.058472, 5266.979980
802.260742, 5261.220215
802.463013, 5147.972168
802.665283, 5186.396484
802.867554, 5168.523926
803.069824, 5168.474609
803.272095, 5195.924805
803.474365, 5084.489746
803.676636, 5121.448730
803.878906, 5144.169434
804.081177, 5117.671387
804.283447, 4997.041016
804.485718, 5057.701660
804.687988, 5065.719238
804.890259, 5017.995605
805.092529, 5074.984375
805.294800, 5103.858887
805.497070, 5021.796387
805.699341, 4982.197754
805.901611, 5036.830078
806.103882, 5029.714355
806.306152, 5064.691895
806.508423, 4979.329590
806.710693, 5059.222168
806.912964, 5068.141113
807.115234, 4991.614746
807.317505, 5002.132324
807.519775, 5000.283691
807.722046, 4914.703613
807.924316, 5054.107910
808.126587, 4949.388184
808.328857, 4949.905762
808.531128, 4918.999512
808.733398, 4924.567871
808.935669, 4951.854004
809.137939, 4955.500000
809.340210, 4927.825684
809.542480, 4939.348633
809.744751, 4925.872070
809.947021, 4931.239258
810.149292, 4925.495117
810.351562, 4902.336914
810.553833, 4909.810059
810.756104, 4910.617188
810.958374, 4917.592773
811.160645, 4893.591797
811.362915, 4898.659668
811.565186, 4913.179199
811.767456, 4924.537598
811.969727, 4871.995605
812.171997, 4913.675781
812.374268, 4999.466309
812.576538, 4981.228516
812.778809, 4926.121094
812.981079, 4913.640137
813.183350, 4917.817871
813.385620, 4932.251465
813.587891, 4828.250977
813.790161, 4895.036621
813.992432, 4884.171875
814.194702, 4873.061523
814.396973, 4845.399902
814.599243, 4851.749023
814.801514, 4948.257324
815.003784, 4881.687500
815.206055, 4906.342773
815.408325, 4900.958984
815.610596, 4953.477051
815.812866, 4893.215820
816.015137, 4907.506348
816.217407, 4904.729004
816.419678, 4856.863281
#ENDOFDATA   : End Of Data and File
