#FORMAT	     : EMSA/MAS Spectral Data File
#VERSION     : 1.0
#TITLE       : Co3O4_Co_L3_Qiang_Xu_145
#DATE        : 
#TIME        : 
#OWNER       : eelsdatabase.net
#NPOINTS     : 1024
#NCOLUMNS    : 1
#XUNITS      : eV
#YUNITS      : 
#DATATYPE    : XY
#XPERCHAN    : 0.05
#OFFSET      : 7.670000e+002
#SIGNALTYPE  : ELS
#SPECTRUM    : Spectral Data Starts Here
7.670000e+002, 3.447619e+003
7.670500e+002, 3.469048e+003
7.671000e+002, 3.692064e+003
7.671500e+002, 3.419048e+003
7.672000e+002, 3.573016e+003
7.672500e+002, 3.462698e+003
7.673000e+002, 3.403175e+003
7.673500e+002, 3.425397e+003
7.674000e+002, 3.407143e+003
7.674500e+002, 3.373810e+003
7.675000e+002, 3.357937e+003
7.675500e+002, 3.493651e+003
7.676000e+002, 3.413492e+003
7.676500e+002, 3.314286e+003
7.677000e+002, 3.416667e+003
7.677500e+002, 3.492064e+003
7.678000e+002, 3.403968e+003
7.678500e+002, 3.376191e+003
7.679000e+002, 3.554762e+003
7.679500e+002, 3.557143e+003
7.680000e+002, 3.523810e+003
7.680500e+002, 3.372222e+003
7.681000e+002, 3.468254e+003
7.681500e+002, 3.423016e+003
7.682000e+002, 3.400000e+003
7.682500e+002, 3.394444e+003
7.683000e+002, 3.382540e+003
7.683500e+002, 3.466667e+003
7.684000e+002, 3.293651e+003
7.684500e+002, 3.357937e+003
7.685000e+002, 3.465079e+003
7.685500e+002, 3.308730e+003
7.686000e+002, 3.380952e+003
7.686500e+002, 3.255556e+003
7.687000e+002, 3.529365e+003
7.687500e+002, 3.453968e+003
7.688000e+002, 3.464286e+003
7.688500e+002, 3.433333e+003
7.689000e+002, 3.369048e+003
7.689500e+002, 3.480159e+003
7.690000e+002, 3.476984e+003
7.690500e+002, 3.346825e+003
7.691000e+002, 3.484127e+003
7.691500e+002, 3.438889e+003
7.692000e+002, 3.331746e+003
7.692500e+002, 3.334127e+003
7.693000e+002, 3.384921e+003
7.693500e+002, 3.374603e+003
7.694000e+002, 3.492064e+003
7.694500e+002, 3.503968e+003
7.695000e+002, 3.438095e+003
7.695500e+002, 3.387302e+003
7.696000e+002, 3.547619e+003
7.696500e+002, 3.401587e+003
7.697000e+002, 3.420635e+003
7.697500e+002, 3.280159e+003
7.698000e+002, 3.293651e+003
7.698500e+002, 3.323016e+003
7.699000e+002, 3.471429e+003
7.699500e+002, 3.414286e+003
7.700000e+002, 3.480159e+003
7.700500e+002, 3.286508e+003
7.701000e+002, 3.300794e+003
7.701500e+002, 3.496825e+003
7.702000e+002, 3.380952e+003
7.702500e+002, 3.305556e+003
7.703000e+002, 3.424603e+003
7.703500e+002, 3.324603e+003
7.704000e+002, 3.385714e+003
7.704500e+002, 3.432540e+003
7.705000e+002, 3.446825e+003
7.705500e+002, 3.392064e+003
7.706000e+002, 3.341270e+003
7.706500e+002, 3.338095e+003
7.707000e+002, 3.289683e+003
7.707500e+002, 3.371429e+003
7.708000e+002, 3.304762e+003
7.708500e+002, 3.369048e+003
7.709000e+002, 3.364286e+003
7.709500e+002, 3.321429e+003
7.710000e+002, 3.453175e+003
7.710500e+002, 3.462698e+003
7.711000e+002, 3.374603e+003
7.711500e+002, 3.351587e+003
7.712000e+002, 3.380952e+003
7.712500e+002, 3.350794e+003
7.713000e+002, 3.363492e+003
7.713500e+002, 3.400000e+003
7.714000e+002, 3.526191e+003
7.714500e+002, 3.290476e+003
7.715000e+002, 3.459524e+003
7.715500e+002, 3.352381e+003
7.716000e+002, 3.299206e+003
7.716500e+002, 3.315873e+003
7.717000e+002, 3.292857e+003
7.717500e+002, 3.327778e+003
7.718000e+002, 3.237302e+003
7.718500e+002, 3.261905e+003
7.719000e+002, 3.261905e+003
7.719500e+002, 3.393651e+003
7.720000e+002, 3.288889e+003
7.720500e+002, 3.280159e+003
7.721000e+002, 3.384921e+003
7.721500e+002, 3.396032e+003
7.722000e+002, 3.432540e+003
7.722500e+002, 3.323810e+003
7.723000e+002, 3.490476e+003
7.723500e+002, 3.406349e+003
7.724000e+002, 3.367460e+003
7.724500e+002, 3.396032e+003
7.725000e+002, 3.299206e+003
7.725500e+002, 3.290476e+003
7.726000e+002, 3.490476e+003
7.726500e+002, 3.435714e+003
7.727000e+002, 3.438095e+003
7.727500e+002, 3.490476e+003
7.728000e+002, 3.316667e+003
7.728500e+002, 3.437302e+003
7.729000e+002, 3.260318e+003
7.729500e+002, 3.351587e+003
7.730000e+002, 3.419841e+003
7.730500e+002, 3.285714e+003
7.731000e+002, 3.361905e+003
7.731500e+002, 3.366667e+003
7.732000e+002, 3.283333e+003
7.732500e+002, 3.402381e+003
7.733000e+002, 3.226984e+003
7.733500e+002, 3.285714e+003
7.734000e+002, 3.314286e+003
7.734500e+002, 3.363492e+003
7.735000e+002, 3.384921e+003
7.735500e+002, 3.165873e+003
7.736000e+002, 3.462698e+003
7.736500e+002, 3.241270e+003
7.737000e+002, 3.424603e+003
7.737500e+002, 3.465873e+003
7.738000e+002, 3.410318e+003
7.738500e+002, 3.296032e+003
7.739000e+002, 3.270635e+003
7.739500e+002, 3.467460e+003
7.740000e+002, 3.307937e+003
7.740500e+002, 3.356349e+003
7.741000e+002, 3.311905e+003
7.741500e+002, 3.329365e+003
7.742000e+002, 3.400000e+003
7.742500e+002, 3.381746e+003
7.743000e+002, 3.396032e+003
7.743500e+002, 3.194444e+003
7.744000e+002, 3.411905e+003
7.744500e+002, 3.350000e+003
7.745000e+002, 3.485714e+003
7.745500e+002, 3.320635e+003
7.746000e+002, 3.341270e+003
7.746500e+002, 3.316667e+003
7.747000e+002, 3.265873e+003
7.747500e+002, 3.260318e+003
7.748000e+002, 3.346825e+003
7.748500e+002, 3.280159e+003
7.749000e+002, 3.407143e+003
7.749500e+002, 3.391270e+003
7.750000e+002, 3.341270e+003
7.750500e+002, 3.333333e+003
7.751000e+002, 3.261905e+003
7.751500e+002, 3.219048e+003
7.752000e+002, 3.172222e+003
7.752500e+002, 3.237302e+003
7.753000e+002, 3.282540e+003
7.753500e+002, 3.379365e+003
7.754000e+002, 3.301587e+003
7.754500e+002, 3.328571e+003
7.755000e+002, 3.261905e+003
7.755500e+002, 3.359524e+003
7.756000e+002, 3.196825e+003
7.756500e+002, 3.266667e+003
7.757000e+002, 3.314286e+003
7.757500e+002, 3.317460e+003
7.758000e+002, 3.269048e+003
7.758500e+002, 3.182540e+003
7.759000e+002, 3.227778e+003
7.759500e+002, 3.288889e+003
7.760000e+002, 3.423810e+003
7.760500e+002, 3.166667e+003
7.761000e+002, 3.278571e+003
7.761500e+002, 3.253175e+003
7.762000e+002, 3.306349e+003
7.762500e+002, 3.308730e+003
7.763000e+002, 3.380159e+003
7.763500e+002, 3.325397e+003
7.764000e+002, 3.310318e+003
7.764500e+002, 3.376984e+003
7.765000e+002, 3.252381e+003
7.765500e+002, 3.199206e+003
7.766000e+002, 3.204762e+003
7.766500e+002, 3.142064e+003
7.767000e+002, 3.253175e+003
7.767500e+002, 3.273810e+003
7.768000e+002, 3.365873e+003
7.768500e+002, 3.341270e+003
7.769000e+002, 3.263492e+003
7.769500e+002, 3.268254e+003
7.770000e+002, 3.289683e+003
7.770500e+002, 3.124603e+003
7.771000e+002, 3.114286e+003
7.771500e+002, 3.224603e+003
7.772000e+002, 3.294444e+003
7.772500e+002, 3.203175e+003
7.773000e+002, 3.327778e+003
7.773500e+002, 3.318254e+003
7.774000e+002, 3.235714e+003
7.774500e+002, 3.172222e+003
7.775000e+002, 3.142064e+003
7.775500e+002, 3.179365e+003
7.776000e+002, 3.190476e+003
7.776500e+002, 3.156349e+003
7.777000e+002, 3.260318e+003
7.777500e+002, 3.250000e+003
7.778000e+002, 3.255556e+003
7.778500e+002, 3.299206e+003
7.779000e+002, 3.330159e+003
7.779500e+002, 3.150000e+003
7.780000e+002, 3.327778e+003
7.780500e+002, 3.313492e+003
7.781000e+002, 3.332540e+003
7.781500e+002, 3.312698e+003
7.782000e+002, 3.362698e+003
7.782500e+002, 3.257937e+003
7.783000e+002, 3.218254e+003
7.783500e+002, 3.280952e+003
7.784000e+002, 3.246825e+003
7.784500e+002, 3.127778e+003
7.785000e+002, 3.338889e+003
7.785500e+002, 3.159524e+003
7.786000e+002, 3.353175e+003
7.786500e+002, 3.223810e+003
7.787000e+002, 3.165873e+003
7.787500e+002, 3.179365e+003
7.788000e+002, 3.194444e+003
7.788500e+002, 3.263492e+003
7.789000e+002, 3.240476e+003
7.789500e+002, 3.202381e+003
7.790000e+002, 3.211111e+003
7.790500e+002, 3.379365e+003
7.791000e+002, 3.407937e+003
7.791500e+002, 3.261905e+003
7.792000e+002, 3.364286e+003
7.792500e+002, 3.342857e+003
7.793000e+002, 3.248413e+003
7.793500e+002, 3.188095e+003
7.794000e+002, 3.192857e+003
7.794500e+002, 3.203175e+003
7.795000e+002, 3.268254e+003
7.795500e+002, 3.135714e+003
7.796000e+002, 3.089683e+003
7.796500e+002, 3.184127e+003
7.797000e+002, 3.169841e+003
7.797500e+002, 3.184921e+003
7.798000e+002, 3.192857e+003
7.798500e+002, 3.136508e+003
7.799000e+002, 3.161111e+003
7.799500e+002, 3.186508e+003
7.800000e+002, 3.284127e+003
7.800500e+002, 3.139683e+003
7.801000e+002, 3.213492e+003
7.801500e+002, 3.271429e+003
7.802000e+002, 3.281746e+003
7.802500e+002, 3.321429e+003
7.803000e+002, 3.319841e+003
7.803500e+002, 3.157143e+003
7.804000e+002, 3.159524e+003
7.804500e+002, 3.156349e+003
7.805000e+002, 3.253175e+003
7.805500e+002, 3.253968e+003
7.806000e+002, 3.379365e+003
7.806500e+002, 3.246825e+003
7.807000e+002, 3.132540e+003
7.807500e+002, 3.161905e+003
7.808000e+002, 3.157937e+003
7.808500e+002, 3.253968e+003
7.809000e+002, 3.119841e+003
7.809500e+002, 3.142857e+003
7.810000e+002, 3.251587e+003
7.810500e+002, 3.273810e+003
7.811000e+002, 3.288889e+003
7.811500e+002, 3.288095e+003
7.812000e+002, 3.163492e+003
7.812500e+002, 3.177778e+003
7.813000e+002, 3.170635e+003
7.813500e+002, 3.198413e+003
7.814000e+002, 3.230159e+003
7.814500e+002, 3.242857e+003
7.815000e+002, 3.215079e+003
7.815500e+002, 3.125397e+003
7.816000e+002, 3.240476e+003
7.816500e+002, 3.306349e+003
7.817000e+002, 3.380159e+003
7.817500e+002, 3.209524e+003
7.818000e+002, 3.296032e+003
7.818500e+002, 3.263492e+003
7.819000e+002, 3.235714e+003
7.819500e+002, 3.348413e+003
7.820000e+002, 3.178571e+003
7.820500e+002, 3.130952e+003
7.821000e+002, 3.319048e+003
7.821500e+002, 3.356349e+003
7.822000e+002, 3.191270e+003
7.822500e+002, 3.253175e+003
7.823000e+002, 3.320635e+003
7.823500e+002, 3.257937e+003
7.824000e+002, 3.162698e+003
7.824500e+002, 3.205556e+003
7.825000e+002, 3.152381e+003
7.825500e+002, 3.385714e+003
7.826000e+002, 3.309524e+003
7.826500e+002, 3.287302e+003
7.827000e+002, 3.263492e+003
7.827500e+002, 3.285714e+003
7.828000e+002, 3.168254e+003
7.828500e+002, 3.220635e+003
7.829000e+002, 3.238095e+003
7.829500e+002, 3.229365e+003
7.830000e+002, 3.315079e+003
7.830500e+002, 3.319841e+003
7.831000e+002, 3.288889e+003
7.831500e+002, 3.426984e+003
7.832000e+002, 3.319048e+003
7.832500e+002, 3.264286e+003
7.833000e+002, 3.361111e+003
7.833500e+002, 3.521429e+003
7.834000e+002, 3.312698e+003
7.834500e+002, 3.319048e+003
7.835000e+002, 3.497619e+003
7.835500e+002, 3.416667e+003
7.836000e+002, 3.326191e+003
7.836500e+002, 3.384127e+003
7.837000e+002, 3.296825e+003
7.837500e+002, 3.550000e+003
7.838000e+002, 3.395238e+003
7.838500e+002, 3.589683e+003
7.839000e+002, 3.473810e+003
7.839500e+002, 3.521429e+003
7.840000e+002, 3.600000e+003
7.840500e+002, 3.621429e+003
7.841000e+002, 3.626191e+003
7.841500e+002, 3.784127e+003
7.842000e+002, 3.838095e+003
7.842500e+002, 3.978571e+003
7.843000e+002, 3.930952e+003
7.843500e+002, 3.883333e+003
7.844000e+002, 4.104762e+003
7.844500e+002, 4.241270e+003
7.845000e+002, 4.471429e+003
7.845500e+002, 4.557937e+003
7.846000e+002, 4.692857e+003
7.846500e+002, 4.876191e+003
7.847000e+002, 5.007143e+003
7.847500e+002, 5.037302e+003
7.848000e+002, 5.523810e+003
7.848500e+002, 5.504762e+003
7.849000e+002, 5.646825e+003
7.849500e+002, 5.890476e+003
7.850000e+002, 5.981746e+003
7.850500e+002, 6.165873e+003
7.851000e+002, 6.505556e+003
7.851500e+002, 6.588889e+003
7.852000e+002, 6.823810e+003
7.852500e+002, 7.111111e+003
7.853000e+002, 7.432540e+003
7.853500e+002, 7.432540e+003
7.854000e+002, 7.433333e+003
7.854500e+002, 7.545238e+003
7.855000e+002, 7.652381e+003
7.855500e+002, 7.593651e+003
7.856000e+002, 7.526191e+003
7.856500e+002, 7.643651e+003
7.857000e+002, 7.705556e+003
7.857500e+002, 7.591270e+003
7.858000e+002, 7.604762e+003
7.858500e+002, 7.592857e+003
7.859000e+002, 7.584921e+003
7.859500e+002, 7.420635e+003
7.860000e+002, 7.596032e+003
7.860500e+002, 7.688889e+003
7.861000e+002, 7.803968e+003
7.861500e+002, 7.862699e+003
7.862000e+002, 7.952381e+003
7.862500e+002, 8.027778e+003
7.863000e+002, 8.052381e+003
7.863500e+002, 8.227778e+003
7.864000e+002, 8.438095e+003
7.864500e+002, 8.708730e+003
7.865000e+002, 9.026984e+003
7.865500e+002, 9.281746e+003
7.866000e+002, 9.583333e+003
7.866500e+002, 1.005317e+004
7.867000e+002, 1.035714e+004
7.867500e+002, 1.086032e+004
7.868000e+002, 1.125317e+004
7.868500e+002, 1.149841e+004
7.869000e+002, 1.185556e+004
7.869500e+002, 1.237698e+004
7.870000e+002, 1.253571e+004
7.870500e+002, 1.300238e+004
7.871000e+002, 1.320873e+004
7.871500e+002, 1.323095e+004
7.872000e+002, 1.340079e+004
7.872500e+002, 1.325397e+004
7.873000e+002, 1.320635e+004
7.873500e+002, 1.289524e+004
7.874000e+002, 1.308651e+004
7.874500e+002, 1.256984e+004
7.875000e+002, 1.260873e+004
7.875500e+002, 1.262381e+004
7.876000e+002, 1.219444e+004
7.876500e+002, 1.188175e+004
7.877000e+002, 1.169524e+004
7.877500e+002, 1.147302e+004
7.878000e+002, 1.125556e+004
7.878500e+002, 1.123492e+004
7.879000e+002, 1.092619e+004
7.879500e+002, 1.052064e+004
7.880000e+002, 1.057619e+004
7.880500e+002, 1.028492e+004
7.881000e+002, 1.036984e+004
7.881500e+002, 9.880953e+003
7.882000e+002, 9.601587e+003
7.882500e+002, 9.644445e+003
7.883000e+002, 9.458730e+003
7.883500e+002, 9.209524e+003
7.884000e+002, 8.886508e+003
7.884500e+002, 8.600794e+003
7.885000e+002, 8.513492e+003
7.885500e+002, 8.185714e+003
7.886000e+002, 8.122222e+003
7.886500e+002, 8.238095e+003
7.887000e+002, 8.176984e+003
7.887500e+002, 8.055556e+003
7.888000e+002, 7.880953e+003
7.888500e+002, 7.689683e+003
7.889000e+002, 7.618254e+003
7.889500e+002, 7.516667e+003
7.890000e+002, 7.194445e+003
7.890500e+002, 7.252381e+003
7.891000e+002, 7.269841e+003
7.891500e+002, 7.313492e+003
7.892000e+002, 7.285714e+003
7.892500e+002, 7.036508e+003
7.893000e+002, 7.087302e+003
7.893500e+002, 6.903175e+003
7.894000e+002, 6.791270e+003
7.894500e+002, 6.605556e+003
7.895000e+002, 6.619048e+003
7.895500e+002, 6.471429e+003
7.896000e+002, 6.498413e+003
7.896500e+002, 6.358730e+003
7.897000e+002, 6.308730e+003
7.897500e+002, 6.213492e+003
7.898000e+002, 6.127778e+003
7.898500e+002, 6.020635e+003
7.899000e+002, 6.059524e+003
7.899500e+002, 5.908730e+003
7.900000e+002, 5.954762e+003
7.900500e+002, 5.536508e+003
7.901000e+002, 5.673810e+003
7.901500e+002, 5.470635e+003
7.902000e+002, 5.423810e+003
7.902500e+002, 5.473810e+003
7.903000e+002, 5.534921e+003
7.903500e+002, 5.280952e+003
7.904000e+002, 5.142857e+003
7.904500e+002, 5.205556e+003
7.905000e+002, 5.107143e+003
7.905500e+002, 5.093651e+003
7.906000e+002, 4.848413e+003
7.906500e+002, 4.863492e+003
7.907000e+002, 4.818254e+003
7.907500e+002, 4.923016e+003
7.908000e+002, 4.885714e+003
7.908500e+002, 4.817460e+003
7.909000e+002, 4.702381e+003
7.909500e+002, 4.569841e+003
7.910000e+002, 4.738095e+003
7.910500e+002, 4.788889e+003
7.911000e+002, 4.608730e+003
7.911500e+002, 4.650000e+003
7.912000e+002, 4.654762e+003
7.912500e+002, 4.532540e+003
7.913000e+002, 4.573016e+003
7.913500e+002, 4.597619e+003
7.914000e+002, 4.569048e+003
7.914500e+002, 4.669048e+003
7.915000e+002, 4.569841e+003
7.915500e+002, 4.441270e+003
7.916000e+002, 4.535714e+003
7.916500e+002, 4.532540e+003
7.917000e+002, 4.438889e+003
7.917500e+002, 4.377778e+003
7.918000e+002, 4.861905e+003
7.918500e+002, 4.938889e+003
7.919000e+002, 4.417460e+003
7.919500e+002, 4.265079e+003
7.920000e+002, 4.242064e+003
7.920500e+002, 4.233333e+003
7.921000e+002, 4.276191e+003
7.921500e+002, 4.390476e+003
7.922000e+002, 4.331746e+003
7.922500e+002, 4.358730e+003
7.923000e+002, 4.298413e+003
7.923500e+002, 4.190476e+003
7.924000e+002, 4.204762e+003
7.924500e+002, 4.177778e+003
7.925000e+002, 4.034921e+003
7.925500e+002, 4.178571e+003
7.926000e+002, 4.104762e+003
7.926500e+002, 4.225397e+003
7.927000e+002, 4.144445e+003
7.927500e+002, 4.182540e+003
7.928000e+002, 4.186508e+003
7.928500e+002, 3.972222e+003
7.929000e+002, 4.196032e+003
7.929500e+002, 4.144445e+003
7.930000e+002, 3.982540e+003
7.930500e+002, 4.042857e+003
7.931000e+002, 3.961905e+003
7.931500e+002, 4.119048e+003
7.932000e+002, 4.073810e+003
7.932500e+002, 3.971429e+003
7.933000e+002, 4.007937e+003
7.933500e+002, 4.104762e+003
7.934000e+002, 4.034921e+003
7.934500e+002, 4.077778e+003
7.935000e+002, 4.026191e+003
7.935500e+002, 4.107143e+003
7.936000e+002, 3.970635e+003
7.936500e+002, 3.949206e+003
7.937000e+002, 4.075397e+003
7.937500e+002, 4.061905e+003
7.938000e+002, 4.047619e+003
7.938500e+002, 4.075397e+003
7.939000e+002, 4.153968e+003
7.939500e+002, 4.175397e+003
7.940000e+002, 4.073810e+003
7.940500e+002, 4.097619e+003
7.941000e+002, 4.115873e+003
7.941500e+002, 4.111111e+003
7.942000e+002, 4.209524e+003
7.942500e+002, 4.064286e+003
7.943000e+002, 4.131746e+003
7.943500e+002, 4.029365e+003
7.944000e+002, 4.017460e+003
7.944500e+002, 4.020635e+003
7.945000e+002, 4.143651e+003
7.945500e+002, 4.111905e+003
7.946000e+002, 4.104762e+003
7.946500e+002, 4.028571e+003
7.947000e+002, 4.141270e+003
7.947500e+002, 4.139683e+003
7.948000e+002, 4.120635e+003
7.948500e+002, 4.107143e+003
7.949000e+002, 4.214286e+003
7.949500e+002, 4.196825e+003
7.950000e+002, 4.091270e+003
7.950500e+002, 4.155556e+003
7.951000e+002, 4.059524e+003
7.951500e+002, 4.085714e+003
7.952000e+002, 4.115079e+003
7.952500e+002, 4.104762e+003
7.953000e+002, 4.025397e+003
7.953500e+002, 4.152381e+003
7.954000e+002, 4.044445e+003
7.954500e+002, 4.091270e+003
7.955000e+002, 3.887302e+003
7.955500e+002, 4.124603e+003
7.956000e+002, 3.965873e+003
7.956500e+002, 4.000794e+003
7.957000e+002, 4.121429e+003
7.957500e+002, 4.080952e+003
7.958000e+002, 4.030159e+003
7.958500e+002, 4.006349e+003
7.959000e+002, 4.123810e+003
7.959500e+002, 4.125397e+003
7.960000e+002, 4.115079e+003
7.960500e+002, 4.041270e+003
7.961000e+002, 3.987302e+003
7.961500e+002, 4.049206e+003
7.962000e+002, 3.940476e+003
7.962500e+002, 4.134127e+003
7.963000e+002, 4.108730e+003
7.963500e+002, 4.022222e+003
7.964000e+002, 4.035714e+003
7.964500e+002, 4.000000e+003
7.965000e+002, 4.009524e+003
7.965500e+002, 4.028571e+003
7.966000e+002, 4.053968e+003
7.966500e+002, 4.011905e+003
7.967000e+002, 4.137302e+003
7.967500e+002, 4.024603e+003
7.968000e+002, 4.020635e+003
7.968500e+002, 4.116667e+003
7.969000e+002, 4.203968e+003
7.969500e+002, 3.947619e+003
7.970000e+002, 4.133333e+003
7.970500e+002, 4.010318e+003
7.971000e+002, 4.108730e+003
7.971500e+002, 3.962698e+003
7.972000e+002, 3.956349e+003
7.972500e+002, 3.925397e+003
7.973000e+002, 3.915873e+003
7.973500e+002, 4.124603e+003
7.974000e+002, 4.020635e+003
7.974500e+002, 3.875397e+003
7.975000e+002, 4.000794e+003
7.975500e+002, 4.015079e+003
7.976000e+002, 4.023016e+003
7.976500e+002, 4.062698e+003
7.977000e+002, 4.007937e+003
7.977500e+002, 3.977778e+003
7.978000e+002, 4.010318e+003
7.978500e+002, 4.069048e+003
7.979000e+002, 3.970635e+003
7.979500e+002, 4.017460e+003
7.980000e+002, 4.075397e+003
7.980500e+002, 4.034127e+003
7.981000e+002, 3.897619e+003
7.981500e+002, 4.000000e+003
7.982000e+002, 4.042064e+003
7.982500e+002, 4.074603e+003
7.983000e+002, 4.055556e+003
7.983500e+002, 4.077778e+003
7.984000e+002, 4.066667e+003
7.984500e+002, 3.949206e+003
7.985000e+002, 4.154762e+003
7.985500e+002, 3.950000e+003
7.986000e+002, 4.073810e+003
7.986500e+002, 4.014286e+003
7.987000e+002, 4.022222e+003
7.987500e+002, 4.125397e+003
7.988000e+002, 3.988095e+003
7.988500e+002, 3.996825e+003
7.989000e+002, 4.091270e+003
7.989500e+002, 4.050794e+003
7.990000e+002, 4.103968e+003
7.990500e+002, 4.153175e+003
7.991000e+002, 4.214286e+003
7.991500e+002, 4.335714e+003
7.992000e+002, 4.187302e+003
7.992500e+002, 4.100794e+003
7.993000e+002, 4.109524e+003
7.993500e+002, 4.367460e+003
7.994000e+002, 4.223016e+003
7.994500e+002, 4.280159e+003
7.995000e+002, 4.339683e+003
7.995500e+002, 4.302381e+003
7.996000e+002, 4.496032e+003
7.996500e+002, 4.357143e+003
7.997000e+002, 4.415873e+003
7.997500e+002, 4.596032e+003
7.998000e+002, 4.478571e+003
7.998500e+002, 4.557143e+003
7.999000e+002, 4.612698e+003
7.999500e+002, 4.605556e+003
8.000000e+002, 4.769048e+003
8.000500e+002, 4.780952e+003
8.001000e+002, 4.828572e+003
8.001500e+002, 5.053968e+003
8.002000e+002, 5.046032e+003
8.002500e+002, 5.009524e+003
8.003000e+002, 5.196032e+003
8.003500e+002, 5.334127e+003
8.004000e+002, 5.276984e+003
8.004500e+002, 5.338095e+003
8.005000e+002, 5.303175e+003
8.005500e+002, 5.427778e+003
8.006000e+002, 5.583333e+003
8.006500e+002, 5.715873e+003
8.007000e+002, 5.753968e+003
8.007500e+002, 5.854762e+003
8.008000e+002, 6.045238e+003
8.008500e+002, 6.226191e+003
8.009000e+002, 6.370635e+003
8.009500e+002, 6.268254e+003
8.010000e+002, 6.791270e+003
8.010500e+002, 6.914286e+003
8.011000e+002, 7.017460e+003
8.011500e+002, 7.128572e+003
8.012000e+002, 7.401587e+003
8.012500e+002, 7.589683e+003
8.013000e+002, 7.761111e+003
8.013500e+002, 7.947619e+003
8.014000e+002, 8.042064e+003
8.014500e+002, 8.287302e+003
8.015000e+002, 8.373810e+003
8.015500e+002, 8.323016e+003
8.016000e+002, 8.741270e+003
8.016500e+002, 8.710318e+003
8.017000e+002, 9.050000e+003
8.017500e+002, 8.846826e+003
8.018000e+002, 8.669048e+003
8.018500e+002, 8.601587e+003
8.019000e+002, 8.461111e+003
8.019500e+002, 8.504762e+003
8.020000e+002, 8.118254e+003
8.020500e+002, 8.082540e+003
8.021000e+002, 7.834921e+003
8.021500e+002, 7.800794e+003
8.022000e+002, 7.623016e+003
8.022500e+002, 7.427778e+003
8.023000e+002, 7.282540e+003
8.023500e+002, 7.064286e+003
8.024000e+002, 7.007143e+003
8.024500e+002, 6.827778e+003
8.025000e+002, 6.912699e+003
8.025500e+002, 6.902381e+003
8.026000e+002, 6.892857e+003
8.026500e+002, 6.859524e+003
8.027000e+002, 6.584127e+003
8.027500e+002, 6.597619e+003
8.028000e+002, 6.646825e+003
8.028500e+002, 6.830159e+003
8.029000e+002, 6.534921e+003
8.029500e+002, 6.469048e+003
8.030000e+002, 6.371429e+003
8.030500e+002, 6.473016e+003
8.031000e+002, 6.382540e+003
8.031500e+002, 6.406349e+003
8.032000e+002, 6.265873e+003
8.032500e+002, 6.226191e+003
8.033000e+002, 6.312699e+003
8.033500e+002, 6.132540e+003
8.034000e+002, 6.073810e+003
8.034500e+002, 6.083333e+003
8.035000e+002, 5.911111e+003
8.035500e+002, 5.937302e+003
8.036000e+002, 5.907143e+003
8.036500e+002, 5.794445e+003
8.037000e+002, 5.607937e+003
8.037500e+002, 5.850000e+003
8.038000e+002, 5.569048e+003
8.038500e+002, 5.519048e+003
8.039000e+002, 5.483333e+003
8.039500e+002, 5.529365e+003
8.040000e+002, 5.563492e+003
8.040500e+002, 5.389683e+003
8.041000e+002, 5.368254e+003
8.041500e+002, 5.368254e+003
8.042000e+002, 5.276191e+003
8.042500e+002, 5.283333e+003
8.043000e+002, 5.317460e+003
8.043500e+002, 5.300000e+003
8.044000e+002, 5.280159e+003
8.044500e+002, 5.047619e+003
8.045000e+002, 5.231746e+003
8.045500e+002, 5.131746e+003
8.046000e+002, 5.053968e+003
8.046500e+002, 5.169841e+003
8.047000e+002, 4.937302e+003
8.047500e+002, 4.924603e+003
8.048000e+002, 4.939683e+003
8.048500e+002, 4.862698e+003
8.049000e+002, 4.985714e+003
8.049500e+002, 4.989683e+003
8.050000e+002, 4.978572e+003
8.050500e+002, 4.848413e+003
8.051000e+002, 4.939683e+003
8.051500e+002, 4.823810e+003
8.052000e+002, 4.805556e+003
8.052500e+002, 4.739683e+003
8.053000e+002, 4.674603e+003
8.053500e+002, 4.766667e+003
8.054000e+002, 4.746032e+003
8.054500e+002, 4.786508e+003
8.055000e+002, 4.714286e+003
8.055500e+002, 4.800794e+003
8.056000e+002, 4.788889e+003
8.056500e+002, 4.701587e+003
8.057000e+002, 4.610318e+003
8.057500e+002, 4.707937e+003
8.058000e+002, 4.705556e+003
8.058500e+002, 4.740476e+003
8.059000e+002, 4.854762e+003
8.059500e+002, 4.826984e+003
8.060000e+002, 4.705556e+003
8.060500e+002, 4.676984e+003
8.061000e+002, 4.696825e+003
8.061500e+002, 4.661905e+003
8.062000e+002, 4.539683e+003
8.062500e+002, 4.691270e+003
8.063000e+002, 4.800794e+003
8.063500e+002, 4.719048e+003
8.064000e+002, 4.669048e+003
8.064500e+002, 4.676984e+003
8.065000e+002, 4.693651e+003
8.065500e+002, 4.497619e+003
8.066000e+002, 4.696032e+003
8.066500e+002, 4.515873e+003
8.067000e+002, 4.528571e+003
8.067500e+002, 4.657143e+003
8.068000e+002, 4.772222e+003
8.068500e+002, 4.670635e+003
8.069000e+002, 4.647619e+003
8.069500e+002, 4.584127e+003
8.070000e+002, 4.659524e+003
8.070500e+002, 4.704762e+003
8.071000e+002, 4.714286e+003
8.071500e+002, 4.660318e+003
8.072000e+002, 4.569841e+003
8.072500e+002, 4.552381e+003
8.073000e+002, 4.694445e+003
8.073500e+002, 4.536508e+003
8.074000e+002, 4.757937e+003
8.074500e+002, 4.764286e+003
8.075000e+002, 4.683333e+003
8.075500e+002, 4.701587e+003
8.076000e+002, 4.680159e+003
8.076500e+002, 4.631746e+003
8.077000e+002, 4.606349e+003
8.077500e+002, 4.769841e+003
8.078000e+002, 4.791270e+003
8.078500e+002, 4.708730e+003
8.079000e+002, 4.676984e+003
8.079500e+002, 4.596032e+003
8.080000e+002, 4.661111e+003
8.080500e+002, 4.713492e+003
8.081000e+002, 4.687302e+003
8.081500e+002, 4.682540e+003
8.082000e+002, 4.725397e+003
8.082500e+002, 4.702381e+003
8.083000e+002, 4.648413e+003
8.083500e+002, 4.600000e+003
8.084000e+002, 4.654762e+003
8.084500e+002, 4.777778e+003
8.085000e+002, 4.692064e+003
8.085500e+002, 4.568254e+003
8.086000e+002, 4.725397e+003
8.086500e+002, 4.746825e+003
8.087000e+002, 4.675397e+003
8.087500e+002, 4.638889e+003
8.088000e+002, 4.800000e+003
8.088500e+002, 4.836508e+003
8.089000e+002, 4.929365e+003
8.089500e+002, 4.711111e+003
8.090000e+002, 4.748413e+003
8.090500e+002, 4.765873e+003
8.091000e+002, 4.835714e+003
8.091500e+002, 4.874603e+003
8.092000e+002, 4.881746e+003
8.092500e+002, 4.888889e+003
8.093000e+002, 4.712698e+003
8.093500e+002, 4.867460e+003
8.094000e+002, 4.729365e+003
8.094500e+002, 4.822222e+003
8.095000e+002, 4.721429e+003
8.095500e+002, 4.823016e+003
8.096000e+002, 4.788889e+003
8.096500e+002, 4.812698e+003
8.097000e+002, 4.947619e+003
8.097500e+002, 4.865873e+003
8.098000e+002, 4.881746e+003
8.098500e+002, 4.815873e+003
8.099000e+002, 4.899206e+003
8.099500e+002, 4.953175e+003
8.100000e+002, 4.829365e+003
8.100500e+002, 4.862698e+003
8.101000e+002, 5.053175e+003
8.101500e+002, 5.051587e+003
8.102000e+002, 4.900000e+003
8.102500e+002, 5.009524e+003
8.103000e+002, 4.944445e+003
8.103500e+002, 4.918254e+003
8.104000e+002, 4.813492e+003
8.104500e+002, 4.854762e+003
8.105000e+002, 4.764286e+003
8.105500e+002, 4.750000e+003
8.106000e+002, 4.885714e+003
8.106500e+002, 5.052381e+003
8.107000e+002, 4.833333e+003
8.107500e+002, 5.001587e+003
8.108000e+002, 4.969048e+003
8.108500e+002, 4.855556e+003
8.109000e+002, 4.923810e+003
8.109500e+002, 4.754762e+003
8.110000e+002, 4.915873e+003
8.110500e+002, 4.925397e+003
8.111000e+002, 4.895238e+003
8.111500e+002, 4.836508e+003
8.112000e+002, 4.924603e+003
8.112500e+002, 4.902381e+003
8.113000e+002, 5.012698e+003
8.113500e+002, 4.880159e+003
8.114000e+002, 4.908730e+003
8.114500e+002, 4.892857e+003
8.115000e+002, 4.988095e+003
8.115500e+002, 4.931746e+003
8.116000e+002, 4.986508e+003
8.116500e+002, 4.866667e+003
8.117000e+002, 5.000794e+003
8.117500e+002, 4.907143e+003
8.118000e+002, 4.847619e+003
8.118500e+002, 4.852381e+003
8.119000e+002, 4.990476e+003
8.119500e+002, 4.925397e+003
8.120000e+002, 4.995238e+003
8.120500e+002, 4.911111e+003
8.121000e+002, 4.942064e+003
8.121500e+002, 4.838095e+003
8.122000e+002, 4.921429e+003
8.122500e+002, 4.973810e+003
8.123000e+002, 5.018254e+003
8.123500e+002, 4.926984e+003
8.124000e+002, 4.792064e+003
8.124500e+002, 4.940476e+003
8.125000e+002, 4.868254e+003
8.125500e+002, 4.972222e+003
8.126000e+002, 4.870635e+003
8.126500e+002, 4.817460e+003
8.127000e+002, 4.904762e+003
8.127500e+002, 4.910318e+003
8.128000e+002, 4.942064e+003
8.128500e+002, 4.945238e+003
8.129000e+002, 4.942064e+003
8.129500e+002, 4.915079e+003
8.130000e+002, 4.897619e+003
8.130500e+002, 4.865873e+003
8.131000e+002, 4.944445e+003
8.131500e+002, 5.031746e+003
8.132000e+002, 4.972222e+003
8.132500e+002, 4.926984e+003
8.133000e+002, 4.953968e+003
8.133500e+002, 4.901587e+003
8.134000e+002, 4.812698e+003
8.134500e+002, 4.969841e+003
8.135000e+002, 4.865873e+003
8.135500e+002, 5.007143e+003
8.136000e+002, 4.780159e+003
8.136500e+002, 4.849206e+003
8.137000e+002, 4.953175e+003
8.137500e+002, 4.965079e+003
8.138000e+002, 4.908730e+003
8.138500e+002, 4.791270e+003
8.139000e+002, 4.949206e+003
8.139500e+002, 4.930952e+003
8.140000e+002, 4.833333e+003
8.140500e+002, 4.922222e+003
8.141000e+002, 5.008730e+003
8.141500e+002, 4.903968e+003
8.142000e+002, 4.878572e+003
8.142500e+002, 4.999206e+003
8.143000e+002, 4.980952e+003
8.143500e+002, 4.915079e+003
8.144000e+002, 4.872222e+003
8.144500e+002, 4.859524e+003
8.145000e+002, 4.951587e+003
8.145500e+002, 4.985714e+003
8.146000e+002, 4.975397e+003
8.146500e+002, 4.901587e+003
8.147000e+002, 4.934921e+003
8.147500e+002, 4.832540e+003
8.148000e+002, 5.047619e+003
8.148500e+002, 4.954762e+003
8.149000e+002, 4.951587e+003
8.149500e+002, 4.816667e+003
8.150000e+002, 4.754762e+003
8.150500e+002, 4.977778e+003
8.151000e+002, 5.016667e+003
8.151500e+002, 4.800794e+003
8.152000e+002, 4.961111e+003
8.152500e+002, 4.964286e+003
8.153000e+002, 4.924603e+003
8.153500e+002, 4.977778e+003
8.154000e+002, 4.954762e+003
8.154500e+002, 4.906349e+003
8.155000e+002, 5.000794e+003
8.155500e+002, 4.867460e+003
8.156000e+002, 4.997619e+003
8.156500e+002, 4.861905e+003
8.157000e+002, 5.075397e+003
8.157500e+002, 5.002381e+003
8.158000e+002, 5.078572e+003
8.158500e+002, 5.103968e+003
8.159000e+002, 5.209524e+003
8.159500e+002, 5.025397e+003
8.160000e+002, 5.061905e+003
8.160500e+002, 5.013492e+003
8.161000e+002, 4.943651e+003
8.161500e+002, 4.996825e+003
8.162000e+002, 4.983333e+003
8.162500e+002, 5.031746e+003
8.163000e+002, 5.071429e+003
8.163500e+002, 4.947619e+003
8.164000e+002, 5.111905e+003
8.164500e+002, 5.121429e+003
8.165000e+002, 5.039683e+003
8.165500e+002, 4.999206e+003
8.166000e+002, 5.052381e+003
8.166500e+002, 5.175397e+003
8.167000e+002, 5.004762e+003
8.167500e+002, 5.058730e+003
8.168000e+002, 5.006349e+003
8.168500e+002, 4.817460e+003
8.169000e+002, 4.907143e+003
8.169500e+002, 4.939683e+003
8.170000e+002, 5.033333e+003
8.170500e+002, 4.936508e+003
8.171000e+002, 5.043651e+003
8.171500e+002, 5.258730e+003
8.172000e+002, 5.120635e+003
8.172500e+002, 4.903968e+003
8.173000e+002, 4.917460e+003
8.173500e+002, 4.980952e+003
8.174000e+002, 4.946032e+003
8.174500e+002, 4.989683e+003
8.175000e+002, 5.019841e+003
8.175500e+002, 5.168254e+003
8.176000e+002, 4.935714e+003
8.176500e+002, 5.095238e+003
8.177000e+002, 5.032540e+003
8.177500e+002, 4.907143e+003
8.178000e+002, 5.094445e+003
8.178500e+002, 4.947619e+003
8.179000e+002, 4.996032e+003
8.179500e+002, 4.970635e+003
8.180000e+002, 5.110318e+003
8.180500e+002, 5.081746e+003
8.181000e+002, 5.091270e+003
8.181500e+002, 5.061905e+003
#ENDOFDATA   : End Of Data and File
